* Bifurcation relationship 
* column 1 = QBranch1/QBranch2
* column 2 = SBranch1/SBranch2
TABL_P_S
8 2
0     0.00000000 
0.05  0.08927205 
0.1   0.17854410 
0.5   0.89272260 
1.0   1.78544520 
1.5   2.67816780 
2.0   3.57089040 
10.0  17.85445200 

TABL_I_S
8 2
0     0.000000 
0.05  0.067500 
0.1   0.135000 
0.5   0.675000 
1.0   1.350000 
1.5   2.025000 
2.0   2.700000 
10.0  13.500000

TABL_P_G
8 2
0     0.00000000 
0.05  0.08927205 
0.1   0.17854410 
0.5   0.89272260 
1.0   1.78544520 
1.5   2.67816780 
2.0   3.57089040 
10.0  17.85445200 

TABL_I_G
8 2
0     0.000000
0.05  0.049500
0.1   0.099000
0.5   0.495000
1.0   0.990000
1.5   1.485000
2.0   1.980000
10.0  9.900000

